6,7.72825
6.001,7.75062
6.002,7.77309
6.003,7.79565
6.004,7.81832
6.00501,7.84109
6.00601,7.86397
6.00701,7.88694
6.00801,7.91002
6.00901,7.9332
6.01001,7.95648
6.01101,7.97987
6.01201,8.00337
6.01301,8.02697
6.01401,8.05068
6.01502,8.07449
6.01602,8.09842
6.01702,8.12245
6.01802,8.14659
6.01902,8.17084
6.02002,8.1952
6.02102,8.21967
6.02202,8.24426
6.02302,8.26896
6.02402,8.29377
6.02503,8.31869
6.02603,8.34373
6.02703,8.36889
6.02803,8.39416
6.02903,8.41955
6.03003,8.44505
6.03103,8.47068
6.03203,8.49642
6.03303,8.52228
6.03403,8.54826
6.03504,8.57437
6.03604,8.6006
6.03704,8.62695
6.03804,8.65342
6.03904,8.68002
6.04004,8.70674
6.04104,8.73359
6.04204,8.76056
6.04304,8.78767
6.04404,8.8149
6.04505,8.84226
6.04605,8.86975
6.04705,8.89737
6.04805,8.92512
6.04905,8.95301
6.05005,8.98103
6.05105,9.00918
6.05205,9.03747
6.05305,9.06589
6.05405,9.09446
6.05506,9.12315
6.05606,9.15199
6.05706,9.18097
6.05806,9.21008
6.05906,9.23934
6.06006,9.26874
6.06106,9.29829
6.06206,9.32798
6.06306,9.35781
6.06406,9.38779
6.06507,9.41791
6.06607,9.44819
6.06707,9.47861
6.06807,9.50918
6.06907,9.53991
6.07007,9.57078
6.07107,9.60181
6.07207,9.63299
6.07307,9.66433
6.07407,9.69582
6.07508,9.72747
6.07608,9.75928
6.07708,9.79124
6.07808,9.82337
6.07908,9.85566
6.08008,9.88811
6.08108,9.92072
6.08208,9.9535
6.08308,9.98644
6.08408,10.0196
6.08509,10.0528
6.08609,10.0863
6.08709,10.1199
6.08809,10.1537
6.08909,10.1876
6.09009,10.2218
6.09109,10.2561
6.09209,10.2906
6.09309,10.3252
6.09409,10.3601
6.0951,10.3951
6.0961,10.4303
6.0971,10.4657
6.0981,10.5012
6.0991,10.537
6.1001,10.5729
6.1011,10.6091
6.1021,10.6454
6.1031,10.6819
6.1041,10.7186
6.10511,10.7555
6.10611,10.7925
6.10711,10.8298
6.10811,10.8673
6.10911,10.905
6.11011,10.9428
6.11111,10.9809
6.11211,11.0192
6.11311,11.0577
6.11411,11.0963
6.11512,11.1352
6.11612,11.1743
6.11712,11.2136
6.11812,11.2532
6.11912,11.2929
6.12012,11.3328
6.12112,11.373
6.12212,11.4134
6.12312,11.454
6.12412,11.4948
6.12513,11.5358
6.12613,11.5771
6.12713,11.6186
6.12813,11.6603
6.12913,11.7022
6.13013,11.7444
6.13113,11.7868
6.13213,11.8295
6.13313,11.8723
6.13413,11.9155
6.13514,11.9588
6.13614,12.0024
6.13714,12.0462
6.13814,12.0903
6.13914,12.1347
6.14014,12.1792
6.14114,12.2241
6.14214,12.2691
6.14314,12.3145
6.14414,12.36
6.14515,12.4059
6.14615,12.452
6.14715,12.4984
6.14815,12.545
6.14915,12.5919
6.15015,12.639
6.15115,12.6865
6.15215,12.7342
6.15315,12.7821
6.15415,12.8304
6.15516,12.8789
6.15616,12.9277
6.15716,12.9768
6.15816,13.0262
6.15916,13.0759
6.16016,13.1258
6.16116,13.176
6.16216,13.2266
6.16316,13.2774
6.16416,13.3285
6.16517,13.38
6.16617,13.4317
6.16717,13.4837
6.16817,13.5361
6.16917,13.5887
6.17017,13.6417
6.17117,13.695
6.17217,13.7486
6.17317,13.8025
6.17417,13.8567
6.17518,13.9113
6.17618,13.9662
6.17718,14.0214
6.17818,14.077
6.17918,14.1329
6.18018,14.1891
6.18118,14.2457
6.18218,14.3026
6.18318,14.3598
6.18418,14.4174
6.18519,14.4754
6.18619,14.5337
6.18719,14.5924
6.18819,14.6514
6.18919,14.7108
6.19019,14.7706
6.19119,14.8307
6.19219,14.8912
6.19319,14.9521
6.19419,15.0134
6.1952,15.075
6.1962,15.1371
6.1972,15.1995
6.1982,15.2623
6.1992,15.3255
6.2002,15.3891
6.2012,15.4531
6.2022,15.5176
6.2032,15.5824
6.2042,15.6476
6.20521,15.7133
6.20621,15.7794
6.20721,15.8459
6.20821,15.9128
6.20921,15.9801
6.21021,16.0479
6.21121,16.1162
6.21221,16.1848
6.21321,16.2539
6.21421,16.3235
6.21522,16.3935
6.21622,16.464
6.21722,16.5349
6.21822,16.6063
6.21922,16.6782
6.22022,16.7505
6.22122,16.8234
6.22222,16.8967
6.22322,16.9705
6.22422,17.0447
6.22523,17.1195
6.22623,17.1948
6.22723,17.2706
6.22823,17.3468
6.22923,17.4236
6.23023,17.501
6.23123,17.5788
6.23223,17.6572
6.23323,17.7361
6.23423,17.8155
6.23524,17.8955
6.23624,17.976
6.23724,18.0571
6.23824,18.1387
6.23924,18.2209
6.24024,18.3037
6.24124,18.387
6.24224,18.4709
6.24324,18.5554
6.24424,18.6405
6.24525,18.7261
6.24625,18.8124
6.24725,18.8993
6.24825,18.9868
6.24925,19.0749
6.25025,19.1636
6.25125,19.2529
6.25225,19.3429
6.25325,19.4336
6.25425,19.5248
6.25526,19.6167
6.25626,19.7093
6.25726,19.8026
6.25826,19.8965
6.25926,19.9911
6.26026,20.0864
6.26126,20.1823
6.26226,20.279
6.26326,20.3764
6.26426,20.4745
6.26527,20.5733
6.26627,20.6728
6.26727,20.773
6.26827,20.874
6.26927,20.9758
6.27027,21.0783
6.27127,21.1815
6.27227,21.2855
6.27327,21.3904
6.27427,21.4959
6.27528,21.6023
6.27628,21.7095
6.27728,21.8175
6.27828,21.9263
6.27928,22.0359
6.28028,22.1464
6.28128,22.2577
6.28228,22.3698
6.28328,22.4829
6.28428,22.5967
6.28529,22.7115
6.28629,22.8271
6.28729,22.9437
6.28829,23.0611
6.28929,23.1795
6.29029,23.2988
6.29129,23.419
6.29229,23.5401
6.29329,23.6622
6.29429,23.7853
6.2953,23.9094
6.2963,24.0344
6.2973,24.1604
6.2983,24.2874
6.2993,24.4155
6.3003,24.5445
6.3013,24.6746
6.3023,24.8058
6.3033,24.938
6.3043,25.0712
6.30531,25.2056
6.30631,25.3411
6.30731,25.4776
6.30831,25.6153
6.30931,25.7541
6.31031,25.894
6.31131,26.0351
6.31231,26.1774
6.31331,26.3209
6.31431,26.4655
6.31532,26.6114
6.31632,26.7584
6.31732,26.9067
6.31832,27.0563
6.31932,27.2071
6.32032,27.3592
6.32132,27.5126
6.32232,27.6673
6.32332,27.8233
6.32432,27.9806
6.32533,28.1393
6.32633,28.2994
6.32733,28.4609
6.32833,28.6237
6.32933,28.788
6.33033,28.9537
6.33133,29.1208
6.33233,29.2894
6.33333,29.4595
6.33433,29.6311
6.33534,29.8042
6.33634,29.9788
6.33734,30.155
6.33834,30.3328
6.33934,30.5121
6.34034,30.6931
6.34134,30.8757
6.34234,31.0599
6.34334,31.2458
6.34434,31.4334
6.34535,31.6227
6.34635,31.8137
6.34735,32.0065
6.34835,32.2011
6.34935,32.3974
6.35035,32.5956
6.35135,32.7956
6.35235,32.9975
6.35335,33.2012
6.35435,33.4069
6.35536,33.6145
6.35636,33.8241
6.35736,34.0356
6.35836,34.2491
6.35936,34.4647
6.36036,34.6824
6.36136,34.9021
6.36236,35.1239
6.36336,35.3479
6.36436,35.574
6.36537,35.8024
6.36637,36.0329
6.36737,36.2657
6.36837,36.5008
6.36937,36.7382
6.37037,36.978
6.37137,37.2201
6.37237,37.4646
6.37337,37.7115
6.37437,37.961
6.37538,38.2129
6.37638,38.4674
6.37738,38.7244
6.37838,38.984
6.37938,39.2463
6.38038,39.5112
6.38138,39.7789
6.38238,40.0493
6.38338,40.3225
6.38438,40.5985
6.38539,40.8774
6.38639,41.1592
6.38739,41.444
6.38839,41.7317
6.38939,42.0224
6.39039,42.3163
6.39139,42.6132
6.39239,42.9133
6.39339,43.2166
6.39439,43.5232
6.3954,43.833
6.3964,44.1462
6.3974,44.4628
6.3984,44.7828
6.3994,45.1063
6.4004,45.4334
6.4014,45.764
6.4024,46.0983
6.4034,46.4364
6.4044,46.7781
6.40541,47.1237
6.40641,47.4731
6.40741,47.8265
6.40841,48.1838
6.40941,48.5452
6.41041,48.9107
6.41141,49.2804
6.41241,49.6543
6.41341,50.0325
6.41441,50.4151
6.41542,50.8021
6.41642,51.1936
6.41742,51.5897
6.41842,51.9904
6.41942,52.3959
6.42042,52.8061
6.42142,53.2212
6.42242,53.6412
6.42342,54.0663
6.42442,54.4965
6.42543,54.9318
6.42643,55.3724
6.42743,55.8184
6.42843,56.2698
6.42943,56.7268
6.43043,57.1893
6.43143,57.6576
6.43243,58.1317
6.43343,58.6117
6.43443,59.0977
6.43544,59.5898
6.43644,60.0881
6.43744,60.5927
6.43844,61.1037
6.43944,61.6213
6.44044,62.1455
6.44144,62.6764
6.44244,63.2143
6.44344,63.7591
6.44444,64.311
6.44545,64.8702
6.44645,65.4367
6.44745,66.0107
6.44845,66.5923
6.44945,67.1817
6.45045,67.779
6.45145,68.3844
6.45245,68.9979
6.45345,69.6198
6.45445,70.2501
6.45546,70.8891
6.45646,71.5369
6.45746,72.1936
6.45846,72.8595
6.45946,73.5347
6.46046,74.2194
6.46146,74.9137
6.46246,75.6178
6.46346,76.332
6.46446,77.0563
6.46547,77.7911
6.46647,78.5365
6.46747,79.2927
6.46847,80.0599
6.46947,80.8383
6.47047,81.6283
6.47147,82.4298
6.47247,83.2434
6.47347,84.069
6.47447,84.9071
6.47548,85.7578
6.47648,86.6214
6.47748,87.4982
6.47848,88.3884
6.47948,89.2923
6.48048,90.2102
6.48148,91.1423
6.48248,92.0891
6.48348,93.0508
6.48448,94.0276
6.48549,95.02
6.48649,96.0282
6.48749,97.0526
6.48849,98.0935
6.48949,99.1513
6.49049,100.226
6.49149,101.319
6.49249,102.43
6.49349,103.559
6.49449,104.707
6.4955,105.874
6.4965,107.061
6.4975,108.269
6.4985,109.496
6.4995,110.745
6.5005,112.015
6.5015,113.308
6.5025,114.623
6.5035,115.961
6.5045,117.322
6.50551,118.708
6.50651,120.119
6.50751,121.555
6.50851,123.017
6.50951,124.505
6.51051,126.021
6.51151,127.565
6.51251,129.137
6.51351,130.739
6.51451,132.37
6.51552,134.033
6.51652,135.727
6.51752,137.453
6.51852,139.213
6.51952,141.007
6.52052,142.836
6.52152,144.7
6.52252,146.602
6.52352,148.541
6.52452,150.519
6.52553,152.537
6.52653,154.595
6.52753,156.696
6.52853,158.84
6.52953,161.029
6.53053,163.263
6.53153,165.543
6.53253,167.872
6.53353,170.251
6.53453,172.68
6.53554,175.162
6.53654,177.698
6.53754,180.29
6.53854,182.938
6.53954,185.646
6.54054,188.414
6.54154,191.244
6.54254,194.139
6.54354,197.1
6.54454,200.129
6.54555,203.229
6.54655,206.401
6.54755,209.648
6.54855,212.973
6.54955,216.377
6.55055,219.863
6.55155,223.435
6.55255,227.094
6.55355,230.843
6.55455,234.687
6.55556,238.627
6.55656,242.666
6.55756,246.81
6.55856,251.06
6.55956,255.421
6.56056,259.897
6.56156,264.491
6.56256,269.207
6.56356,274.051
6.56456,279.027
6.56557,284.139
6.56657,289.393
6.56757,294.794
6.56857,300.347
6.56957,306.058
6.57057,311.933
6.57157,317.979
6.57257,324.201
6.57357,330.608
6.57457,337.206
6.57558,344.003
6.57658,351.007
6.57758,358.227
6.57858,365.671
6.57958,373.349
6.58058,381.27
6.58158,389.445
6.58258,397.885
6.58358,406.601
6.58458,415.606
6.58559,424.911
6.58659,434.532
6.58759,444.481
6.58859,454.775
6.58959,465.429
6.59059,476.459
6.59159,487.884
6.59259,499.723
6.59359,511.995
6.59459,524.722
6.5956,537.927
6.5966,551.634
6.5976,565.867
6.5986,580.655
6.5996,596.025
6.6006,612.01
6.6016,628.641
6.6026,645.954
6.6036,663.985
6.6046,682.776
6.60561,702.369
6.60661,722.809
6.60761,744.145
6.60861,766.43
6.60961,789.721
6.61061,814.078
6.61161,839.566
6.61261,866.256
6.61361,894.223
6.61461,923.548
6.61562,954.32
6.61662,986.634
6.61762,1020.59
6.61862,1056.31
6.61962,1093.9
6.62062,1133.5
6.62162,1175.26
6.62262,1219.32
6.62362,1265.86
6.62462,1315.06
6.62563,1367.12
6.62663,1422.27
6.62763,1480.75
6.62863,1542.82
6.62963,1608.78
6.63063,1678.95
6.63163,1753.67
6.63263,1833.36
6.63363,1918.42
6.63463,2009.35
6.63564,2106.68
6.63664,2210.98
6.63764,2322.93
6.63864,2443.24
6.63964,2572.72
6.64064,2712.3
6.64164,2862.98
6.64264,3025.89
6.64364,3202.31
6.64464,3393.67
6.64565,3601.57
6.64665,3827.81
6.64765,4074.41
6.64865,4343.63
6.64965,4638.03
6.65065,4960.43
6.65165,5314.02
6.65265,5702.31
6.65365,6129.21
6.65465,6598.97
6.65566,7116.18
6.65666,7685.74
6.65766,8312.71
6.65866,9002.12
6.65966,9758.68
6.66066,10586.3
6.66166,11487.5
6.66266,12462.3
6.66366,13507.3
6.66466,14614
6.66567,15767.2
6.66667,16943.6
6.66767,18110.1
6.66867,19224.1
6.66967,20234.5
6.67067,21085.8
6.67167,21724
6.67267,22103.6
6.67367,22195.8
6.67467,21993.3
6.67568,21511.9
6.67668,20787.2
6.67768,19868.7
6.67868,18812
6.67968,17671.6
6.68068,16495.7
6.68168,15323.4
6.68268,14184.1
6.68368,13098.1
6.68468,12077.8
6.68569,11129.6
6.68669,10255.5
6.68769,9454.37
6.68869,8723.07
6.68969,8057.33
6.69069,7452.25
6.69169,6902.75
6.69269,6403.81
6.69369,5950.63
6.69469,5538.71
6.6957,5163.93
6.6967,4822.52
6.6977,4511.1
6.6987,4226.6
6.6997,3966.3
6.7007,3727.76
6.7017,3508.8
6.7027,3307.49
6.7037,3122.1
6.7047,2951.1
6.70571,2793.11
6.70671,2646.92
6.70771,2511.43
6.70871,2385.68
6.70971,2268.79
6.71071,2159.98
6.71171,2058.55
6.71271,1963.88
6.71371,1875.38
6.71471,1792.57
6.71572,1714.96
6.71672,1642.16
6.71772,1573.77
6.71872,1509.47
6.71972,1448.93
6.72072,1391.89
6.72172,1338.07
6.72272,1287.25
6.72372,1239.21
6.72472,1193.76
6.72573,1150.72
6.72673,1109.92
6.72773,1071.21
6.72873,1034.46
6.72973,999.542
6.73073,966.331
6.73173,934.722
6.73273,904.615
6.73373,875.919
6.73473,848.548
6.73574,822.421
6.73674,797.467
6.73774,773.616
6.73874,750.806
6.73974,728.978
6.74074,708.076
6.74174,688.049
6.74274,668.85
6.74374,650.435
6.74474,632.761
6.74575,615.79
6.74675,599.485
6.74775,583.813
6.74875,568.741
6.74975,554.239
6.75075,540.28
6.75175,526.836
6.75275,513.883
6.75375,501.397
6.75475,489.357
6.75576,477.741
6.75676,466.531
6.75776,455.706
6.75876,445.251
6.75976,435.149
6.76076,425.384
6.76176,415.941
6.76276,406.806
6.76376,397.967
6.76476,389.41
6.76577,381.124
6.76677,373.098
6.76777,365.321
6.76877,357.782
6.76977,350.473
6.77077,343.384
6.77177,336.506
6.77277,329.832
6.77377,323.352
6.77477,317.06
6.77578,310.949
6.77678,305.012
6.77778,299.241
6.77878,293.632
6.77978,288.178
6.78078,282.874
6.78178,277.714
6.78278,272.692
6.78378,267.805
6.78478,263.047
6.78579,258.414
6.78679,253.902
6.78779,249.506
6.78879,245.222
6.78979,241.047
6.79079,236.978
6.79179,233.009
6.79279,229.139
6.79379,225.364
6.79479,221.681
6.7958,218.087
6.7968,214.579
6.7978,211.155
6.7988,207.811
6.7998,204.546
6.8008,201.356
6.8018,198.24
6.8028,195.196
6.8038,192.221
6.8048,189.312
6.80581,186.469
6.80681,183.689
6.80781,180.971
6.80881,178.312
6.80981,175.711
6.81081,173.166
6.81181,170.675
6.81281,168.238
6.81381,165.852
6.81481,163.516
6.81582,161.229
6.81682,158.99
6.81782,156.796
6.81882,154.647
6.81982,152.542
6.82082,150.48
6.82182,148.458
6.82282,146.477
6.82382,144.535
6.82482,142.631
6.82583,140.765
6.82683,138.934
6.82783,137.139
6.82883,135.378
6.82983,133.651
6.83083,131.956
6.83183,130.293
6.83283,128.662
6.83383,127.06
6.83483,125.488
6.83584,123.945
6.83684,122.43
6.83784,120.943
6.83884,119.482
6.83984,118.048
6.84084,116.638
6.84184,115.254
6.84284,113.895
6.84384,112.559
6.84484,111.246
6.84585,109.956
6.84685,108.688
6.84785,107.442
6.84885,106.217
6.84985,105.013
6.85085,103.829
6.85185,102.665
6.85285,101.52
6.85385,100.394
6.85485,99.2865
6.85586,98.1972
6.85686,97.1256
6.85786,96.0714
6.85886,95.0342
6.85986,94.0136
6.86086,93.0092
6.86186,92.0208
6.86286,91.0479
6.86386,90.0903
6.86486,89.1477
6.86587,88.2196
6.86687,87.3059
6.86787,86.4063
6.86887,85.5204
6.86987,84.6479
6.87087,83.7887
6.87187,82.9424
6.87287,82.1088
6.87387,81.2877
6.87487,80.4787
6.87588,79.6817
6.87688,78.8963
6.87788,78.1225
6.87888,77.3599
6.87988,76.6084
6.88088,75.8677
6.88188,75.1376
6.88288,74.418
6.88388,73.7085
6.88488,73.0091
6.88589,72.3196
6.88689,71.6397
6.88789,70.9693
6.88889,70.3083
6.88989,69.6563
6.89089,69.0134
6.89189,68.3792
6.89289,67.7537
6.89389,67.1367
6.89489,66.528
6.8959,65.9275
6.8969,65.335
6.8979,64.7505
6.8989,64.1737
6.8999,63.6045
6.9009,63.0429
6.9019,62.4886
6.9029,61.9415
6.9039,61.4015
6.9049,60.8685
6.90591,60.3424
6.90691,59.8231
6.90791,59.3103
6.90891,58.8041
6.90991,58.3043
6.91091,57.8108
6.91191,57.3235
6.91291,56.8423
6.91391,56.3671
6.91491,55.8978
6.91592,55.4343
6.91692,54.9765
6.91792,54.5243
6.91892,54.0777
6.91992,53.6364
6.92092,53.2005
6.92192,52.7699
6.92292,52.3444
6.92392,51.9241
6.92492,51.5087
6.92593,51.0983
6.92693,50.6927
6.92793,50.2919
6.92893,49.8958
6.92993,49.5043
6.93093,49.1174
6.93193,48.735
6.93293,48.357
6.93393,47.9834
6.93493,47.614
6.93594,47.2489
6.93694,46.8879
6.93794,46.531
6.93894,46.1781
6.93994,45.8292
6.94094,45.4842
6.94194,45.1431
6.94294,44.8058
6.94394,44.4722
6.94494,44.1423
6.94595,43.816
6.94695,43.4933
6.94795,43.1742
6.94895,42.8585
6.94995,42.5462
6.95095,42.2374
6.95195,41.9318
6.95295,41.6295
6.95395,41.3305
6.95495,41.0346
6.95596,40.7419
6.95696,40.4523
6.95796,40.1658
6.95896,39.8822
6.95996,39.6016
6.96096,39.324
6.96196,39.0492
6.96296,38.7773
6.96396,38.5082
6.96496,38.2419
6.96597,37.9783
6.96697,37.7174
6.96797,37.4592
6.96897,37.2036
6.96997,36.9506
6.97097,36.7001
6.97197,36.4521
6.97297,36.2067
6.97397,35.9637
6.97497,35.7231
6.97598,35.4849
6.97698,35.249
6.97798,35.0155
6.97898,34.7843
6.97998,34.5553
6.98098,34.3286
6.98198,34.1041
6.98298,33.8817
6.98398,33.6616
6.98498,33.4435
6.98599,33.2275
6.98699,33.0136
6.98799,32.8018
6.98899,32.5919
6.98999,32.3841
6.99099,32.1782
6.99199,31.9743
6.99299,31.7723
6.99399,31.5721
6.99499,31.3739
6.996,31.1775
6.997,30.9829
6.998,30.7901
6.999,30.5991
7,30.4099
